Cond.  Mode  I  Op_code    S    Rn      Rd    shifter operand
-----|-----|---|--------|----|--------|------|---------------|
1110    00   1    1101     0    0000    0000   000000010100
1110    00   1    1101     0    0000    0001   101000000001
1110    00   1    1101     0    0000    0010   000100000011
1110    00   0    0100     1    0010    0011   000000000010
1110    00   0    0101     0    0000    0100   000000000000
1110    00   0    0010     0    0100    0101   000100000100
1110    00   0    0110     0    0000    0110   000010100000
1110    00   0    1100     0    0101    0111   000101000010
1110    00   0    0000     0    0111    1000   000000000011
1110    00   0    1111     0    0000    1001   000000000110
1110    00   0    0001     0    0100    1010   000000000101
1110    00   0    1010     1    1000    0000   000000000110
0001    00   0    0100     0    0001    0001   000000000001
1110    00   0    1000     1    1001    0000   000000001000
0000    00   0    0100     0    0010    0010   000000000010
1110    00   1    1101     0    0000    0000   101100000001
1110    01   0    0100     0    0000    0001   000000000000
1110    01   0    0100     1    0000    1011   000000000000
